0.020000	1	1	1	0	1546.16040	1524.74119	1529.02700
0.039999	1	1	1	0	1546.16040	1524.74119	1529.02719
0.059999	1	1	1	0	1546.15457	1524.74043	1529.02719
0.079999	1	1	1	0	1546.15982	1524.74043	1529.02510
0.099999	1	1	1	0	1546.16273	1524.74043	1529.02890
0.119999	1	1	1	0	1546.16040	1524.73949	1529.02890
0.139998	1	1	1	0	1546.16487	1524.74119	1529.02909
0.159998	1	1	1	0	1546.16195	1524.74214	1529.02719
0.179998	1	1	1	0	1546.16040	1524.74119	1529.02320
0.199998	1	1	1	0	1546.15612	1524.74214	1529.02719
0.219998	1	1	1	0	1546.15982	1524.74119	1529.02510
0.239997	1	1	1	0	1546.15826	1524.74043	1529.02700
0.259997	1	1	1	0	1546.15982	1524.74119	1529.02510
0.279997	1	1	1	0	1546.16487	1524.74214	1529.02700
0.299997	1	1	1	0	1546.16429	1524.74308	1529.02909
0.319997	1	1	1	0	1546.16487	1524.74043	1529.02700
0.339997	1	1	1	0	1546.14738	1524.74214	1529.02719
0.359996	1	1	1	0	1546.16195	1524.74308	1529.02700
0.379996	1	1	1	0	1546.15768	1524.74214	1529.02719
0.399996	1	1	1	0	1546.15457	1524.74119	1529.02719
0.419996	1	1	1	0	1546.16487	1524.74308	1529.02510
0.439996	1	1	1	0	1546.15165	1524.74043	1529.02719
0.459995	1	1	1	0	1546.15671	1524.74119	1529.02719
0.479995	1	1	1	0	1546.16273	1524.74119	1529.02700
0.499995	1	1	1	0	1546.15671	1524.74119	1529.02719
0.519995	1	1	1	0	1546.15982	1524.73930	1529.02510
0.539994	1	1	1	0	1546.16487	1524.73930	1529.02719
0.559994	1	1	1	0	1546.15826	1524.74043	1529.02700
0.579994	1	1	1	0	1546.16040	1524.74214	1529.02719
0.599994	1	1	1	0	1546.16040	1524.74119	1529.02510
0.619994	1	1	1	0	1546.16487	1524.74119	1529.02890
0.639993	1	1	1	0	1546.15321	1524.73930	1529.02510
0.659993	1	1	1	0	1546.15535	1524.74119	1529.03099
0.679993	1	1	1	0	1546.15671	1524.74214	1529.02890
0.699993	1	1	1	0	1546.15768	1524.73930	1529.02700
0.719993	1	1	1	0	1546.15826	1524.74006	1529.02510
0.739993	1	1	1	0	1546.16273	1524.73930	1529.02909
0.759992	1	1	1	0	1546.16487	1524.74214	1529.02510
0.779992	1	1	1	0	1546.16273	1524.74044	1529.02890
0.799992	1	1	1	0	1546.16429	1524.74119	1529.02700
0.819992	1	1	1	0	1546.16040	1524.74195	1529.02909
0.839992	1	1	1	0	1546.16876	1524.74119	1529.02719
0.859991	1	1	1	0	1546.15613	1524.73930	1529.03099
0.879991	1	1	1	0	1546.16040	1524.73930	1529.02510
0.899991	1	1	1	0	1546.16429	1524.73930	1529.03080
0.919991	1	1	1	0	1546.16040	1524.74044	1529.02510
0.939991	1	1	1	0	1546.15826	1524.74119	1529.02510
0.959990	1	1	1	0	1546.16487	1524.74214	1529.02890
0.979990	1	1	1	0	1546.15107	1524.74119	1529.02719
0.999990	1	1	1	0	1546.15982	1524.74044	1529.02700
1.019990	1	1	1	0	1546.16040	1524.74214	1529.02700
1.039989	1	1	1	0	1546.16779	1524.74119	1529.02529
1.059989	1	1	1	0	1546.16196	1524.74119	1529.02909
1.079989	1	1	1	0	1546.16487	1524.74214	1529.02510
1.099989	1	1	1	0	1546.15379	1524.74006	1529.02719
1.119989	1	1	1	0	1546.15535	1524.74044	1529.02700
1.139988	1	1	1	0	1546.16137	1524.74119	1529.02719
1.159988	1	1	1	0	1546.16701	1524.73930	1529.02510
1.179988	1	1	1	0	1546.16196	1524.74214	1529.02890
1.199988	1	1	1	0	1546.16273	1524.74044	1529.02510
1.219988	1	1	1	0	1546.15379	1524.73930	1529.02700
1.239987	1	1	1	0	1546.16371	1524.74214	1529.02700
1.259987	1	1	1	0	1546.15613	1524.74119	1529.02700
1.279987	1	1	1	0	1546.16040	1524.73930	1529.02700
1.299987	1	1	1	0	1546.15613	1524.74119	1529.02719
1.319987	1	1	1	0	1546.15982	1524.74044	1529.02700
1.339987	1	1	1	0	1546.16429	1524.74138	1529.02700
1.359986	1	1	1	0	1546.17090	1524.74119	1529.02890
1.379986	1	1	1	0	1546.15826	1524.73930	1529.02700
1.399986	1	1	1	0	1546.16876	1524.74119	1529.02700
1.419986	1	1	1	0	1546.15535	1524.73930	1529.02700
1.439986	1	1	1	0	1546.15613	1524.74214	1529.02909
1.459985	1	1	1	0	1546.16546	1524.74214	1529.02510
1.479985	1	1	1	0	1546.16040	1524.74119	1529.02510
1.499985	1	1	1	0	1546.15321	1524.74119	1529.02510
1.519985	1	1	1	0	1546.16274	1524.74119	1529.02719
1.539984	1	1	1	0	1546.15827	1524.74119	1529.03100
1.559984	1	1	1	0	1546.15827	1524.74044	1529.02510
1.579984	1	1	1	0	1546.16643	1524.74119	1529.02510
1.599984	1	1	1	0	1546.15613	1524.74119	1529.02510
1.619984	1	1	1	0	1546.16196	1524.74119	1529.02719
1.639983	1	1	1	0	1546.16876	1524.74384	1529.02510
1.659983	1	1	1	0	1546.16196	1524.74119	1529.02510
1.679983	1	1	1	0	1546.16487	1524.73930	1529.02320
1.699983	1	1	1	0	1546.15379	1524.74214	1529.02700
1.719983	1	1	1	0	1546.16040	1524.74044	1529.02510
1.739983	1	1	1	0	1546.15982	1524.73930	1529.02510
1.759983	1	1	1	0	1546.15613	1524.74044	1529.02719
1.779982	1	1	1	0	1546.16040	1524.73930	1529.02700
1.799982	1	1	1	0	1546.16332	1524.74006	1529.02891
1.819982	1	1	1	0	1546.15924	1524.74119	1529.02510
1.839981	1	1	1	0	1546.16040	1524.73930	1529.02700
1.859981	1	1	1	0	1546.17595	1524.74214	1529.02320
1.879981	1	1	1	0	1546.15613	1524.74044	1529.02510
1.899981	1	1	1	0	1546.16487	1524.74119	1529.02510
1.919981	1	1	1	0	1546.16196	1524.74119	1529.02700
1.939981	1	1	1	0	1546.16487	1524.74044	1529.02510
1.959980	1	1	1	0	1546.17148	1524.74195	1529.02700
1.979980	1	1	1	0	1546.15535	1524.73817	1529.02510
1.999980	1	1	1	0	1546.15321	1524.74119	1529.02320
2.019980	1	1	1	0	1546.14505	1524.74214	1529.02719
2.039979	1	1	1	0	1546.15982	1524.74119	1529.02700
2.059979	1	1	1	0	1546.15535	1524.74119	1529.02700
2.079979	1	1	1	0	1546.15613	1524.74044	1529.02891
2.099979	1	1	1	0	1546.16701	1524.74214	1529.02909
2.119979	1	1	1	0	1546.15768	1524.73930	1529.02510
2.139978	1	1	1	0	1546.16196	1524.74044	1529.02719
2.159978	1	1	1	0	1546.16274	1524.74044	1529.02719
2.179978	1	1	1	0	1546.16040	1524.74119	1529.02510
2.199978	1	1	1	0	1546.16040	1524.74044	1529.02891
2.219978	1	1	1	0	1546.16798	1524.74119	1529.02719
2.239977	1	1	1	0	1546.16487	1524.74044	1529.02700
2.259977	1	1	1	0	1546.16876	1524.74214	1529.02719
2.279977	1	1	1	0	1546.16040	1524.73930	1529.02890
2.299977	1	1	1	0	1546.15768	1524.74119	1529.02700
2.319977	1	1	1	0	1546.16487	1524.73930	1529.02700
2.339977	1	1	1	0	1546.16487	1524.73930	1529.02890
2.359976	1	1	1	0	1546.15768	1524.74044	1529.02510
2.379976	1	1	1	0	1546.16332	1524.74119	1529.02301
2.399976	1	1	1	0	1546.16273	1524.74214	1529.02700
2.419976	1	1	1	0	1546.16643	1524.74214	1529.02909
2.439975	1	1	1	0	1546.15982	1524.74119	1529.02719
2.459975	1	1	1	0	1546.16487	1524.73930	1529.02510
2.479975	1	1	1	0	1546.16701	1524.73930	1529.02491
2.499975	1	1	1	0	1546.15826	1524.73930	1529.02510
2.519975	1	1	1	0	1546.16429	1524.74119	1529.02510
2.539974	1	1	1	0	1546.15826	1524.74119	1529.02890
2.559974	1	1	1	0	1546.15768	1524.74214	1529.02909
2.579974	1	1	1	0	1546.14952	1524.74044	1529.02700
2.599974	1	1	1	0	1546.16196	1524.74119	1529.02909
2.619974	1	1	1	0	1546.16196	1524.74384	1529.02719
2.639973	1	1	1	0	1546.16273	1524.74006	1529.02909
2.659973	1	1	1	0	1546.16643	1524.74119	1529.02700
2.679973	1	1	1	0	1546.16040	1524.74006	1529.02510
2.699973	1	1	1	0	1546.16273	1524.73930	1529.02719
2.719973	1	1	1	0	1546.15379	1524.74195	1529.02320
2.739973	1	1	1	0	1546.15535	1524.74214	1529.02700
2.759972	1	1	1	0	1546.16487	1524.74044	1529.02909
2.779972	1	1	1	0	1546.16934	1524.73930	1529.02890
2.799972	1	1	1	0	1546.15613	1524.74044	1529.02700
2.819972	1	1	1	0	1546.16196	1524.73930	1529.02510
2.839972	1	1	1	0	1546.16934	1524.73855	1529.02700
2.859971	1	1	1	0	1546.16196	1524.74006	1529.02510
2.879971	1	1	1	0	1546.15826	1524.73741	1529.02510
2.899971	1	1	1	0	1546.15826	1524.73666	1529.02510
2.919971	1	1	1	0	1546.15535	1524.73552	1529.02700
2.939970	1	1	1	0	1546.16429	1524.73193	1529.02700
2.959970	1	1	1	0	1546.16040	1524.72550	1529.02700
2.979970	1	1	1	0	1546.16040	1524.73666	1529.02510
2.999970	1	1	1	0	1546.16273	1524.73363	1529.02510
3.019970	1	1	1	0	1546.16273	1524.73193	1529.02909
3.039969	1	1	1	0	1546.15826	1524.73193	1529.02510
3.059969	1	1	1	0	1546.15321	1524.73363	1529.02700
3.079969	1	1	1	0	1546.15768	1524.73212	1529.02111
3.099969	1	1	1	0	1546.16876	1524.73363	1529.02700
3.119969	1	1	1	0	1546.16876	1524.73628	1529.02909
3.139968	1	1	1	0	1546.15826	1524.73193	1529.02301
3.159968	1	1	1	0	1546.15826	1524.73193	1529.02700
3.179968	1	1	1	0	1546.15826	1524.73287	1529.02510
3.199968	1	1	1	0	1546.15612	1524.73269	1529.02719
3.219968	1	1	1	0	1546.16040	1524.73287	1529.02719
3.239967	1	1	1	0	1546.15826	1524.73287	1529.02320
3.259967	1	1	1	0	1546.15982	1524.73193	1529.02510
3.279967	1	1	1	0	1546.14738	1524.73193	1529.02719
3.299967	1	1	1	0	1546.15982	1524.73363	1529.02890
3.319967	1	1	1	0	1546.16195	1524.73363	1529.02700
3.339967	1	1	1	0	1546.15826	1524.73476	1529.02510
3.359966	1	1	1	0	1546.16273	1524.73476	1529.02890
3.379966	1	1	1	0	1546.16429	1524.73476	1529.02719
3.399966	1	1	1	0	1546.16487	1524.73476	1529.02700
3.419966	1	1	1	0	1546.16040	1524.73287	1529.02909
3.439965	1	1	1	0	1546.16195	1524.73363	1529.02320
3.459965	1	1	1	0	1546.14952	1524.73401	1529.02890
3.479965	1	1	1	0	1546.16643	1524.73363	1529.02719
3.499965	1	1	1	0	1546.16040	1524.73363	1529.02510
3.519965	1	1	1	0	1546.16487	1524.73193	1529.02700
3.539964	1	1	1	0	1546.14952	1524.73363	1529.02719
3.559964	1	1	1	0	1546.16701	1524.73269	1529.02700
3.579964	1	1	1	0	1546.15768	1524.73363	1529.02700
3.599964	1	1	1	0	1546.16118	1524.73552	1529.02719
3.619964	1	1	1	0	1546.16040	1524.73363	1529.02719
3.639963	1	1	1	0	1546.16701	1524.73363	1529.02510
3.659963	1	1	1	0	1546.16040	1524.73476	1529.02700
3.679963	1	1	1	0	1546.16273	1524.73287	1529.02510
3.699963	1	1	1	0	1546.15982	1524.73287	1529.02529
3.719963	1	1	1	0	1546.16701	1524.73269	1529.02719
3.739962	1	1	1	0	1546.15379	1524.73193	1529.02510
3.759962	1	1	1	0	1546.16487	1524.73287	1529.02301
3.779962	1	1	1	0	1546.16701	1524.73287	1529.02890
3.799962	1	1	1	0	1546.16876	1524.73457	1529.02890
3.819962	1	1	1	0	1546.16040	1524.73363	1529.02301
3.839962	1	1	1	0	1546.16195	1524.73287	1529.02700
3.859961	1	1	1	0	1546.16040	1524.73363	1529.03099
3.879961	1	1	1	0	1546.15379	1524.73287	1529.02320
3.899961	1	1	1	0	1546.16273	1524.73287	1529.02890
3.919961	1	1	1	0	1546.16429	1524.73287	1529.02909
3.939960	1	1	1	0	1546.16040	1524.73363	1529.02909
3.959960	1	1	1	0	1546.16040	1524.73212	1529.02700
3.979960	1	1	1	0	1546.16429	1524.73457	1529.02700
3.999960	1	1	1	0	1546.17089	1524.73363	1529.02510
4.019959	1	1	1	0	1546.16487	1524.73363	1529.02700
4.039959	1	1	1	0	1546.16040	1524.73079	1529.02719
4.059959	1	1	1	0	1546.16429	1524.73363	1529.02111
4.079959	1	1	1	0	1546.16934	1524.73363	1529.02510
4.099959	1	1	1	0	1546.15534	1524.73590	1529.02510
4.119959	1	1	1	0	1546.16040	1524.73193	1529.02510
4.139959	1	1	1	0	1546.16273	1524.73476	1529.02700
4.159958	1	1	1	0	1546.15826	1524.73193	1529.02890
4.179958	1	1	1	0	1546.16040	1524.73268	1529.02700
4.199958	1	1	1	0	1546.17148	1524.73287	1529.02510
4.219958	1	1	1	0	1546.15612	1524.73401	1529.02491
4.239957	1	1	1	0	1546.15612	1524.73363	1529.02719
4.259957	1	1	1	0	1546.16040	1524.73552	1529.02719
4.279957	1	1	1	0	1546.15379	1524.73476	1529.02890
4.299957	1	1	1	0	1546.15612	1524.73476	1529.02890
4.319957	1	1	1	0	1546.15768	1524.73476	1529.02510
4.339957	1	1	1	0	1546.16429	1524.73193	1529.02301
4.359956	1	1	1	0	1546.16273	1524.73476	1529.02700
4.379956	1	1	1	0	1546.15981	1524.73287	1529.02700
4.399956	1	1	1	0	1546.16701	1524.73552	1529.02510
4.419956	1	1	1	0	1546.15826	1524.73287	1529.02510
4.439955	1	1	1	0	1546.16273	1524.73363	1529.02719
4.459955	1	1	1	0	1546.16273	1524.73552	1529.02510
4.479955	1	1	1	0	1546.16429	1524.73476	1529.02510
4.499955	1	1	1	0	1546.15612	1524.73457	1529.02510
4.519955	1	1	1	0	1546.15379	1524.72928	1529.02510
4.539954	1	1	1	0	1546.15884	1524.73363	1529.02510
4.559954	1	1	1	0	1546.16273	1524.73363	1529.02700
4.579954	1	1	1	0	1546.15981	1524.73193	1529.02301
4.599954	1	1	1	0	1546.16040	1524.73476	1529.02529
4.619954	1	1	1	0	1546.16195	1524.73476	1529.02700
4.639953	1	1	1	0	1546.15981	1524.73476	1529.02510
4.659953	1	1	1	0	1546.15981	1524.73193	1529.02510
4.679953	1	1	1	0	1546.16701	1524.73476	1529.02510
4.699953	1	1	1	0	1546.16331	1524.73193	1529.02719
4.719953	1	1	1	0	1546.14874	1524.73287	1529.02719
4.739952	1	1	1	0	1546.16487	1524.73287	1529.02700
4.759952	1	1	1	0	1546.16195	1524.73363	1529.02510
4.779952	1	1	1	0	1546.15981	1524.73268	1529.02320
4.799952	1	1	1	0	1546.16273	1524.73476	1529.02700
4.819952	1	1	1	0	1546.17148	1524.73287	1529.02320
4.839952	1	1	1	0	1546.16273	1524.73287	1529.02700
4.859951	1	1	1	0	1546.15534	1524.73193	1529.03099
4.879951	1	1	1	0	1546.16778	1524.73193	1529.02510
4.899951	1	1	1	0	1546.16040	1524.73193	1529.02700
4.919951	1	1	1	0	1546.16642	1524.73117	1529.02700
4.939951	1	1	1	0	1546.16118	1524.73363	1529.02700
4.959950	1	1	1	0	1546.16584	1524.73212	1529.02320
4.979950	1	1	1	0	1546.16934	1524.73363	1529.02510
4.999950	1	1	1	0	1546.16642	1524.73193	1529.02890
5.019950	1	1	1	0	1546.16642	1524.73363	1529.02510
5.039949	1	1	1	0	1546.16487	1524.73193	1529.02719
5.059949	1	1	1	0	1546.16273	1524.73627	1529.02700
5.079949	1	1	1	0	1546.15534	1524.73363	1529.02719
5.099949	1	1	1	0	1546.16487	1524.73363	1529.02700
5.119949	1	1	1	0	1546.17148	1524.73268	1529.02890
5.139948	1	1	1	0	1546.15826	1524.73287	1529.02909
5.159948	1	1	1	0	1546.16195	1524.73590	1529.02510
5.179948	1	1	1	0	1546.15826	1524.73193	1529.02510
5.199948	1	1	1	0	1546.15165	1524.73552	1529.03099
5.219948	1	1	1	0	1546.16273	1524.73268	1529.02510
5.239947	1	1	1	0	1546.15884	1524.73287	1529.02700
5.259947	1	1	1	0	1546.16040	1524.73287	1529.02890
5.279947	1	1	1	0	1546.16195	1524.73363	1529.02510
5.299947	1	1	1	0	1546.15768	1524.73363	1529.02491
5.319947	1	1	1	0	1546.15981	1524.73193	1529.02510
5.339947	1	1	1	0	1546.16195	1524.73287	1529.02890
5.359946	1	1	1	0	1546.16273	1524.73363	1529.02909
5.379946	1	1	1	0	1546.15826	1524.73457	1529.02510
5.399946	1	1	1	0	1546.16040	1524.73193	1529.02700
5.419946	1	1	1	0	1546.15612	1524.73287	1529.02909
5.439945	1	1	1	0	1546.16040	1524.73457	1529.02700
5.459945	1	1	1	0	1546.15612	1524.73287	1529.02510
5.479945	1	1	1	0	1546.16040	1524.73287	1529.02909
5.499945	1	1	1	0	1546.16273	1524.73287	1529.02719
5.519945	1	1	1	0	1546.15981	1524.73363	1529.02510
5.539944	1	1	1	0	1546.16273	1524.73287	1529.02700
5.559944	1	1	1	0	1546.16273	1524.73193	1529.02700
5.579944	1	1	1	0	1546.15826	1524.73401	1529.02700
5.599944	1	1	1	0	1546.16040	1524.73193	1529.02510
5.619944	1	1	1	0	1546.15768	1524.73363	1529.02510
5.639943	1	1	1	0	1546.16429	1524.73268	1529.02510
5.659943	1	1	1	0	1546.15826	1524.73268	1529.02510
5.679943	1	1	1	0	1546.15165	1524.73287	1529.02700
5.699943	1	1	1	0	1546.15981	1524.73287	1529.02510
5.719943	1	1	1	0	1546.16195	1524.73193	1529.02909
5.739943	1	1	1	0	1546.16331	1524.73193	1529.02700
5.759942	1	1	1	0	1546.16195	1524.73552	1529.02510
5.779942	1	1	1	0	1546.15826	1524.73552	1529.02700
5.799942	1	1	1	0	1546.16876	1524.73193	1529.02700
5.819942	1	1	1	0	1546.15165	1524.73117	1529.02700
5.839941	1	1	1	0	1546.15612	1524.73363	1529.02719
5.859941	1	1	1	0	1546.16642	1524.73363	1529.02890
5.879941	1	1	1	0	1546.16195	1524.73287	1529.02719
5.899941	1	1	1	0	1546.15768	1524.73212	1529.02890
5.919940	1	1	1	0	1546.16195	1524.73268	1529.02890
5.939940	1	1	1	0	1546.16876	1524.73401	1529.02719
5.959940	1	1	1	0	1546.15379	1524.73476	1529.03099
5.979940	1	1	1	0	1546.15768	1524.73287	1529.02700
5.999940	1	1	1	0	1546.16487	1524.73287	1529.02890
6.019939	1	1	1	0	1546.16040	1524.73287	1529.02510
6.039939	1	1	1	0	1546.16934	1524.73363	1529.02529
6.059939	1	1	1	0	1546.15534	1524.73193	1529.02510
6.079939	1	1	1	0	1546.15321	1524.73287	1529.02510
6.099939	1	1	1	0	1546.16040	1524.73004	1529.02909
6.119939	1	1	1	0	1546.16273	1524.73363	1529.02890
6.139938	1	1	1	0	1546.15534	1524.73552	1529.02719
6.159938	1	1	1	0	1546.15826	1524.73363	1529.02890
6.179938	1	1	1	0	1546.15981	1524.73552	1529.02510
6.199938	1	1	1	0	1546.16040	1524.73193	1529.02510
6.219938	1	1	1	0	1546.16429	1524.73287	1529.02719
6.239937	1	1	1	0	1546.15981	1524.73363	1529.02890
6.259937	1	1	1	0	1546.15981	1524.73193	1529.02719
6.279937	1	1	1	0	1546.15534	1524.73117	1529.02510
6.299937	1	1	1	0	1546.16118	1524.73476	1529.02510
6.319937	1	1	1	0	1546.16040	1524.73287	1529.02890
6.339936	1	1	1	0	1546.16137	1524.73193	1529.02700
6.359936	1	1	1	0	1546.15981	1524.73363	1529.02510
6.379936	1	1	1	0	1546.16934	1524.73287	1529.02510
6.399936	1	1	1	0	1546.15981	1524.73268	1529.02510
6.419935	1	1	1	0	1546.17303	1524.73627	1529.02510
6.439935	1	1	1	0	1546.16487	1524.73363	1529.02890
6.459935	1	1	1	0	1546.15826	1524.73476	1529.02890
6.479935	1	1	1	0	1546.16273	1524.73193	1529.02719
6.499935	1	1	1	0	1546.16273	1524.73476	1529.02700
6.519935	1	1	1	0	1546.16487	1524.73287	1529.02890
6.539934	1	1	1	0	1546.16273	1524.73287	1529.02700
6.559934	1	1	1	0	1546.15767	1524.73665	1529.02909
6.579934	1	1	1	0	1546.15826	1524.73117	1529.02719
6.599934	1	1	1	0	1546.16273	1524.73193	1529.02719
6.619934	1	1	1	0	1546.15320	1524.73211	1529.02510
6.639933	1	1	1	0	1546.16195	1524.73363	1529.02719
6.659933	1	1	1	0	1546.15981	1524.73117	1529.02510
6.679933	1	1	1	0	1546.15981	1524.73363	1529.02510
6.699933	1	1	1	0	1546.16428	1524.73476	1529.03099
6.719933	1	1	1	0	1546.15767	1524.73476	1529.02320
6.739932	1	1	1	0	1546.16934	1524.73287	1529.02300
6.759932	1	1	1	0	1546.15826	1524.73287	1529.02510
6.779932	1	1	1	0	1546.16487	1524.73193	1529.02890
6.799932	1	1	1	0	1546.16642	1524.73363	1529.02510
6.819932	1	1	1	0	1546.16428	1524.73363	1529.02700
6.839931	1	1	1	0	1546.16195	1524.73363	1529.02719
6.859931	1	1	1	0	1546.15826	1524.73268	1529.02700
6.879931	1	1	1	0	1546.15612	1524.73268	1529.02510
6.899931	1	1	1	0	1546.16642	1524.73287	1529.02510
6.919930	1	1	1	0	1546.16487	1524.73193	1529.02700
6.939930	1	1	1	0	1546.16273	1524.73363	1529.02719
6.959930	1	1	1	0	1546.16195	1524.73287	1529.02510
6.979930	1	1	1	0	1546.16642	1524.73363	1529.02890
6.999930	1	1	1	0	1546.15612	1524.73400	1529.02890
7.019930	1	1	1	0	1546.16487	1524.73287	1529.02491
7.039929	1	1	1	0	1546.16195	1524.73363	1529.02909
7.059929	1	1	1	0	1546.16487	1524.73476	1529.02700
7.079929	1	1	1	0	1546.15534	1524.73268	1529.02700
7.099929	1	1	1	0	1546.15826	1524.73476	1529.02700
7.119929	1	1	1	0	1546.16428	1524.73363	1529.02719
7.139928	1	1	1	0	1546.16040	1524.73287	1529.02510
7.159928	1	1	1	0	1546.15768	1524.73287	1529.02700
7.179928	1	1	1	0	1546.17089	1524.73363	1529.02700
7.199928	1	1	1	0	1546.16487	1524.73287	1529.02700
7.219928	1	1	1	0	1546.15768	1524.73287	1529.02510
7.239927	1	1	1	0	1546.16137	1524.73287	1529.02700
7.259927	1	1	1	0	1546.16273	1524.73476	1529.02510
7.279927	1	1	1	0	1546.16487	1524.73552	1529.02700
7.299927	1	1	1	0	1546.16429	1524.73287	1529.02719
7.319927	1	1	1	0	1546.16195	1524.73476	1529.02890
7.339926	1	1	1	0	1546.16487	1524.73363	1529.02909
7.359926	1	1	1	0	1546.16195	1524.73665	1529.02719
7.379926	1	1	1	0	1546.15826	1524.73287	1529.02719
7.399926	1	1	1	0	1546.16642	1524.73193	1529.03080
7.419926	1	1	1	0	1546.15379	1524.73193	1529.02510
7.439925	1	1	1	0	1546.16195	1524.73287	1529.02909
7.459925	1	1	1	0	1546.16195	1524.73476	1529.02510
7.479925	1	1	1	0	1546.15612	1524.73476	1529.02700
7.499925	1	1	1	0	1546.15981	1524.73401	1529.02510
7.519925	1	1	1	0	1546.15321	1524.73363	1529.02890
7.539924	1	1	1	0	1546.16487	1524.73287	1529.02719
7.559924	1	1	1	0	1546.15826	1524.73268	1529.02510
7.579924	1	1	1	0	1546.15321	1524.73363	1529.02510
7.599924	1	1	1	0	1546.15612	1524.73552	1529.02510
7.619924	1	1	1	0	1546.16195	1524.73476	1529.02510
7.639923	1	1	1	0	1546.16487	1524.73268	1529.02510
7.659923	1	1	1	0	1546.15107	1524.73476	1529.02890
7.679923	1	1	1	0	1546.15671	1524.73476	1529.02320
7.699923	1	1	1	0	1546.15981	1524.73287	1529.02700
7.719923	1	1	1	0	1546.15826	1524.73287	1529.02510
7.739922	1	1	1	0	1546.16195	1524.73476	1529.02700
7.759922	1	1	1	0	1546.16487	1524.73117	1529.02491
7.779922	1	1	1	0	1546.16701	1524.73552	1529.02700
7.799922	1	1	1	0	1546.15826	1524.73363	1529.02510
7.819921	1	1	1	0	1546.16040	1524.73457	1529.02890
7.839921	1	1	1	0	1546.15981	1524.73287	1529.02890
7.859921	1	1	1	0	1546.15321	1524.73627	1529.02719
7.879921	1	1	1	0	1546.15981	1524.73552	1529.02719
7.899921	1	1	1	0	1546.16273	1524.73476	1529.02510
7.919920	1	1	1	0	1546.15165	1524.73363	1529.02510
7.939920	1	1	1	0	1546.16429	1524.73363	1529.02719
7.959920	1	1	1	0	1546.16195	1524.73552	1529.02700
7.979920	1	1	1	0	1546.16195	1524.73363	1529.02301
7.999920	1	1	1	0	1546.15768	1524.73269	1529.02510
8.019920	1	1	1	0	1546.16701	1524.73269	1529.02510
8.039919	1	1	1	0	1546.15982	1524.73363	1529.02700
8.059919	1	1	1	0	1546.15535	1524.73476	1529.02301
8.079919	1	1	1	0	1546.15379	1524.73193	1529.02510
8.099919	1	1	1	0	1546.15982	1524.73363	1529.02890
8.119919	1	1	1	0	1546.16040	1524.73401	1529.02890
8.139918	1	1	1	0	1546.15768	1524.73287	1529.02700
8.159918	1	1	1	0	1546.16643	1524.73590	1529.02719
8.179918	1	1	1	0	1546.16876	1524.73269	1529.02909
8.199918	1	1	1	0	1546.16429	1524.73269	1529.02719
8.219918	1	1	1	0	1546.16876	1524.73552	1529.02510
8.239918	1	1	1	0	1546.16876	1524.73552	1529.02510
8.259917	1	1	1	0	1546.16429	1524.73363	1529.02320
8.279917	1	1	1	0	1546.16429	1524.73552	1529.02700
8.299917	1	1	1	0	1546.16934	1524.73363	1529.02890
8.319916	1	1	1	0	1546.16040	1524.73269	1529.02510
8.339916	1	1	1	0	1546.16040	1524.73476	1529.02700
8.359916	1	1	1	0	1546.15612	1524.73476	1529.02510
8.379916	1	1	1	0	1546.16643	1524.73363	1529.02301
8.399916	1	1	1	0	1546.16273	1524.73590	1529.02700
8.419915	1	1	1	0	1546.16040	1524.73476	1529.02890
8.439915	1	1	1	0	1546.16701	1524.73363	1529.02510
8.459915	1	1	1	0	1546.16040	1524.73287	1529.02510
8.479915	1	1	1	0	1546.16195	1524.73476	1529.02909
8.499915	1	1	1	0	1546.15165	1524.73287	1529.02890
8.519915	1	1	1	0	1546.16487	1524.73457	1529.02320
8.539914	1	1	1	0	1546.15379	1524.73193	1529.02719
8.559914	1	1	1	0	1546.16195	1524.73363	1529.02890
8.579914	1	1	1	0	1546.16195	1524.73363	1529.02719
8.599914	1	1	1	0	1546.16273	1524.73363	1529.02510
8.619914	1	1	1	0	1546.15826	1524.73287	1529.02510
8.639913	1	1	1	0	1546.15826	1524.73363	1529.03099
8.659913	1	1	1	0	1546.15457	1524.73552	1529.02719
8.679913	1	1	1	0	1546.16487	1524.73287	1529.02510
8.699913	1	1	1	0	1546.16487	1524.73287	1529.02890
8.719913	1	1	1	0	1546.16273	1524.73363	1529.02700
8.739912	1	1	1	0	1546.16195	1524.73552	1529.02510
8.759912	1	1	1	0	1546.15826	1524.73363	1529.02700
8.779912	1	1	1	0	1546.16273	1524.73457	1529.02510
8.799912	1	1	1	0	1546.16487	1524.73363	1529.02510
8.819912	1	1	1	0	1546.16429	1524.73476	1529.02890
8.839911	1	1	1	0	1546.15534	1524.73476	1529.02719
8.859911	1	1	1	0	1546.15534	1524.73363	1529.02510
8.879911	1	1	1	0	1546.15981	1524.73363	1529.02700
8.899911	1	1	1	0	1546.16429	1524.73117	1529.02719
8.919910	1	1	1	0	1546.16273	1524.73287	1529.02719
8.939910	1	1	1	0	1546.15612	1524.73552	1529.02719
8.959910	1	1	1	0	1546.16487	1524.73193	1529.02700
8.979910	1	1	1	0	1546.15981	1524.73457	1529.02700
8.999910	1	1	1	0	1546.15612	1524.73363	1529.02510
9.019910	1	1	1	0	1546.15884	1524.73401	1529.02909
9.039909	1	1	1	0	1546.16429	1524.73363	1529.02700
9.059909	1	1	1	0	1546.15321	1524.73457	1529.02700
9.079909	1	1	1	0	1546.16195	1524.73193	1529.02719
9.099909	1	1	1	0	1546.15612	1524.73476	1529.02510
9.119909	1	1	1	0	1546.15923	1524.73363	1529.02111
9.139908	1	1	1	0	1546.16273	1524.73627	1529.02719
9.159908	1	1	1	0	1546.16273	1524.73193	1529.02700
9.179908	1	1	1	0	1546.16273	1524.73476	1529.02700
9.199908	1	1	1	0	1546.15379	1524.73552	1529.02700
9.219908	1	1	1	0	1546.16487	1524.73287	1529.02510
9.239908	1	1	1	0	1546.16195	1524.73476	1529.02320
9.259907	1	1	1	0	1546.16273	1524.73363	1529.02700
9.279907	1	1	1	0	1546.16876	1524.73287	1529.02719
